# u v sof eol cfg_id src_x_q19 src_y_q19 x0 y0 dx_q16 dy_q16 coord_valid
0 0 1 0 0 5176 3536 0 0 647 442 1
1279 0 0 0 0 670557376 3536 1278 0 64664 442 1
0 719 0 0 0 5176 376957736 0 718 647 64869 1
1279 719 0 1 0 670557376 376957736 1278 718 64664 64869 1
640 360 0 0 0 335543176 188742536 639 359 65393 65393 1
0 0 1 0 1 47768176 27341936 91 52 7246 9870 1
1279 0 0 0 1 621203176 27880136 1184 53 55773 11609 1
0 719 0 0 1 47233576 350540936 90 668 5957 39569 1
1279 719 0 1 1 621737776 350002736 1185 667 57062 37830 1
640 360 0 0 1 335543176 188742536 639 359 65393 65393 1
0 0 1 0 2 -35850824 -20644264 -69 -40 40631 40907 0
1279 0 0 0 2 707986576 -21178864 1350 -41 24722 39618 0
0 719 0 0 2 -35312624 396669536 -68 756 42370 38476 0
1279 719 0 1 2 707446576 397204136 1349 757 22758 39765 0
640 360 0 0 2 335543176 188742536 639 359 65393 65393 1
0 0 1 0 3 536880896 3536 1024 0 1248 442 1
1279 0 0 0 3 536880896 3536 1024 0 1248 442 1
0 719 0 0 3 536880896 376957736 1024 718 1248 64869 1
1279 719 0 1 3 536880896 376957736 1024 718 1248 64869 1
640 360 0 0 3 536880896 188742536 1024 359 1248 65393 1
0 0 1 0 4 10940160 8323904 20 15 56800 57448 1
1279 0 0 0 4 198196320 15463784 378 29 1932 32429 1
0 719 0 0 4 19503120 183021464 37 349 13058 5619 1
1279 719 0 1 4 198773760 182374544 379 347 8576 55826 1
640 360 0 0 4 198773760 147325664 379 281 8576 92 1
